796957
784612
797259
816566
798919
794454
799275
798646
799361
784107
799118
796039
794151
796102
796919
816612
782893
816668
815372
799616
815448
794831
796384
816334
816377
815623
227989
796382
796885
796887
816426
794331
815695
815581
797750
816401
794256
794070
794433
794678
794870
794901
816011
795613
798564
796271
816055
796365
795999
796793
796815
796959
796259
797153
797165
797417
794212
797209
798523
797849
852159
784280
798758
798906
798929
798952
799009
799080
799116
799127
799142
799157
799167
799229
799258
799294
799299
799314
799427
799448
799548
799560
799587
799624
799527
799340
795072
799321
815881
798693
794975
795912
795934
798743
795109
173263
224332
795603
299078
795941
246571
636741
217670
637096
548375
784250
795254
234559
253145
236217
172950
112317
798773
799150
208563
799390
210407
799582
213244
799102
799054
212602
139560
796450
634879
240248
208633
798665
799092
188345
796508
797253
796584
795831
211300
799084
548455
796774
798851
209543
636606
798763
797796
211143
628807
628102
211181
315172
629421
104202
798017
209097
796598
249817
798776
350374
623348
243559
797041
799570
209705
173394
218925
796549
188533
797194
210395
614367
264780
211153
209319
105349
209108
209535
799458
798558
797538
219690
797277
261468
627120
548346
517791
796558
620330
627726
209299
214032
212366
274584
796534
104440
796445
234743
798828
104778
764057
461479
619630
208599
209359
797657
796557
799449
209105
211623
629229
209356
794169
276360
188280
231080
486505
797196
798002
208558
210465
242969
795747
173229
579564
798129
796945
267618
796539
797928
210396
797137
798667
797134
556574
188338
797992
713943
184737
775541
216102
453219
798206
209298
632612
235447
238399
254301
418673
796574
797631
797716
360620
281294
409151
796998
221800
173086
815710
784496
214029
215869
216834
795477
216733
237603
286954
796987
281334
224399
632323
796702
630875
796868
796884
234680
241332
796997
798235
219042
530633
799591
104769
214632
264983
364499
243951
426887
799087
211353
798510
798173
630932
211748
216746
219946
210390
242868
615389
210380
797276
217408
209445
209502
798850
798381
624732
208598
635243
235328
797692
214818
214292
104174
215542
223222
241968
798603
798228
223034
615546
797014
225039
111062
797924
260533
321739
210413
284627
240500
211141
242760
220852
299287
633691
267936
159416
797257
214639
217865
216023
797177
628692
264032
209441
230417
794474
512486
256067
629534
229975
209534
241561
141403
585138
209576
234791
212014
553045
557981
211606
104805
218410
224613
624793
614387
219433
797994
587754
235145
797040
209318
336722
550888
533895
627912
104399
225433
216355
267603
219130
211586
797303
234602
555808
104985
409639
224714
218772
625727
797960
242570
210900
795366
797686
628733
217574
797287
796659
795706
6711
582393
104656
794222
240189
794622
611938
799592
241570
210425
534031
798222
797224
626794
798343
218098
188369
618765
797278
801636
225216
798169
212645
230445
231158
293016
211163
140859
217556
228590
225958
211580
221378
209549
225168
7929
229555
209550
225593
632424
237456
231155
328147
216035
797051
625844
267625
797168
299720
798507
626830
624923
794050
234636
624848
814615
214623
550603
269401
233997
231339
797302
216623
797727
208619
796615
798242
234751
628812
796543
243830
614374
797910
356381
216820
214135
332534
105263
696149
216801
210889
104536
798448
796967
225471
211567
215634
798888
796678
235012
210409
650348
797744
785372
615693
544573
211880
129952
797110
798016
222241
215035
256069
231566
796433
500831
214096
585767
235400
214017
134946
796563
105680
135188
796785
796170
798245
246810
188401
785434
636590
256915
766429
173203
228970
629656
211167
511868
228894
218374
550568
218099
798367
241520
795172
635930
796688
209523
139764
210945
188400
798322
240126
409177
797847
413479
228062
188474
534029
188277
210954
461404
225477
416302
209546
796963
407338
230720
799040
217125
230466
265633
241289
797309
242575
464212
791576
238774
231391
636579
632587
797250
242597
796641
209921
226387
210397
224583
585788
379212
206762
188347
785353
306356
784540
796771
798960
240239
797150
217082
797576
636986
270567
231579
794419
217332
374334
767355
230707
796882
221634
795252
616098
794224
557701
798396
240496
235129
104875
210691
785349
796078
623358
797940
105118
287167
209094
220144
371021
797161
797179
245605
794511
188261
221972
798612
240768
706204
236715
210888
225635
563283
584830
230781
798266
218842
797152
798212
474313
208567
637695
796581
209111
229464
218023
291702
95305
218470
220505
238379
243544
557641
396720
232746
224571
211362
241785
637058
218696
230266
797244
795602
350341
237004
175305
211870
796560
798227
244884
302268
416160
629300
619933
303579
184237
210958
216676
226383
321143
221949
210851
462183
548646
450449
219075
215618
798355
209103
557413
276591
796181
213872
216479
235859
135471
401976
797952
794936
210931
798886
237564
254487
235770
796570
105467
797858
796999
619565
240839
209089
184160
797956
188399
212750
188441
816621
798038
555512
416156
264980
157716
796840
623835
231598
230762
228700
635109
628659
797536
798420
210435
798471
237619
208541
631911
241585
696227
794398
555144
211566
227153
797677
798478
111009
211152
217608
221915
226612
429986
797191
797934
217894
220010
791723
454721
551653
209529
798143
797873
456275
480537
576532
239738
798587
550091
267388
210681
797139
230845
626870
772772
215986
215068
216727
798240
563089
218541
796340
220583
796302
796651
796235
227878
628400
796960
564047
243790
242156
220229
234845
631898
210411
243449
304981
138823
145905
351430
256428
798383
236697
795543
229993
248226
795902
139747
796676
229862
216279
243925
798168
216814
229393
630813
522856
798409
636354
785358
798380
331374
254481
230041
622453
217388
214626
276879
214797
104562
302821
235009
323002
819813
214633
217406
632345
797193
114996
224830
796971
490955
797091
214597
220216
557680
217092
797037
454255
799367
299365
610877
215545
797471
370999
215580
188414
797292
267601
230516
798470
217364
581225
623448
209752
275758
797138
798684
229968
215555
214618
222350
785388
268584
210905
216771
636743
796942
209116
225353
111088
794673
331675
799518
236050
630797
230368
218337
218263
105282
222557
797219
210961
796788
464218
798401
797109
239485
209648
256147
267067
217934
271518
225058
224684
630596
225380
243448
794979
798200
635118
627149
796552
237310
173345
188402
602743
798958
188712
630302
798539
795760
215359
791568
184093
619107
219488
796207
798329
534707
798518
796728
210509
409249
230412
795495
798567
416340
233562
221566
798221
796386
443269
815843
293525
629787
796667
231554
798734
210990
553095
358036
794189
485095
217909
796830
798326
797805
141416
796886
795817
794605
528471
798771
371031
798299
628177
798390
224824
253265
244000
242906
140476
552118
217316
798046
556282
798412
797971
188481
796533
244892
338335
222031
188262
235749
798347
796781
220248
235436
216711
611877
796626
211891
244163
257178
360124
664074
104668
7814
796741
226437
262113
237830
104935
635068
263796
798436
211132
796011
216688
630686
791428
795094
620765
239492
239483
612213
224868
219054
798238
797317
615244
467285
443148
105206
105555
794277
795293
244894
815627
234775
218910
217597
188289
188297
189343
798273
209391
796747
797003
797671
105221
214856
376453
188323
622588
554952
209630
610935
359824
841133
173088
797767
224063
216626
407378
212363
104803
794999
228682
262074
179465
175386
219022
378744
467489
230767
798460
211161
228658
797010
298667
219029
797235
219121
864573
799450
796750
797885
121249
224533
796569
220137
626767
528362
216679
796580
236654
798320
217563
217325
796705
795788
231751
231612
863286
798798
795867
718425
211608
219734
227200
480878
385315
269893
488972
269903
216696
815656
212006
227666
243834
585151
232881
796524
275877
242312
218181
264767
211330
240161
515087
104979
794799
264755
215459
557904
230380
224844
105010
319403
7791
726022
173032
533102
188391
219420
211342
798453
223929
220335
219750
209434
216029
211611
245407
796870
215004
114852
797947
241531
797968
359896
512479
220303
409118
210884
797966
797359
256598
216770
288947
209336
797119
229572
141717
237010
796925
797006
209101
484784
791256
796069
796796
236096
797870
798199
236805
797560
619127
799578
351221
217479
218445
863206
794946
234160
240113
796864
215539
230484
236717
379123
224700
214849
208919
185607
218516
798254
797596
797919
244113
321042
291334
798474
797269
797155
794637
577051
628282
254241
334715
605881
111111
409652
798573
625809
214631
550672
465405
798209
218398
614146
614197
796669
796652
794847
796587
557440
798248
211310
184432
798415
225882
209511
611031
797714
797413
557493
249815
816769
310451
795002
796193
209099
211098
245618
615460
219815
221942
275587
254439
234490
816044
798025
112417
234705
230350
188365
287015
253378
288960
240307
635143
188317
796703
135410
797092
829994
635936
306182
307818
226678
245107
240814
785346
600550
246380
796198
188461
797946
217958
796264
791529
628289
798151
635714
796939
796577
214105
480459
797154
798452
612939
229812
188285
410122
220285
240520
188348
217791
218143
242801
243894
188326
629962
629992
796714
309049
214799
794996
214680
614047
143761
7788
797763
219220
225343
794293
439700
623657
797192
799411
550727
113236
637080
797931
628056
219223
214608
798417
185601
797229
797300
798870
208551
215065
799081
299391
189771
434435
798749
252089
614110
228203
222354
799477
615215
276542
232936
217052
293780
104175
796175
226633
407246
323139
219336
795427
239467
231576
816307
172996
214605
815928
612575
795050
798476
104249
797017
175304
798298
216313
796391
798400
371017
225050
834774
797249
220047
232951
799331
356384
216298
384258
798308
786946
210881
796826
111118
798364
217477
482248
815638
796599
631530
234740
798285
795708
140428
217187
215566
217838
235888
226641
628776
244246
563265
623354
796910
216036
216066
443250
794588
443180
627296
104264
798480
222123
797335
797136
796537
799298
183934
214024
230371
219868
798313
794107
794865
120662
230748
413356
216122
469567
385420
220400
211592
798800
189335
797096
242184
184483
799209
795256
795857
816644
345844
816641
719268
235244
523715
299695
815712
173230
799435
129959
237752
646293
796837
635738
188583
237024
229107
335290
229286
794351
635515
188670
221605
799057
575622
635865
637995
799381
225717
637801
798392
637081
798411
798696
552473
225461
794611
263783
256529
798188
796805
188356
231388
797973
627288
218004
188557
796727
859850
794547
257766
816781
795067
798286
222071
785896
797841
797057
796683
795734
216585
797551
799168
488493
220132
632592
799640
217133
723236
217902
321649
797256
799039
188298
797266
797495
173024
173132
795542
797927
815861
173316
173346
796853
173414
618260
795381
796761
797339
815574
815571
796726
617158
798171
633550
794897
229068
795950
795972
798312
795998
210316
798395
226185
797756
798445
225094
797206
702426
798513
224666
211328
222359
423257
416127
551771
796550
220929
407062
214040
794309
797758
303585
378927
799192
218801
794261
816343
188440
794252
794185
794175
216498
798590
245668
794953
826145
475643
249454
231156
138684
482243
795822
632781
632472
798097
234384
795026
796695
796696
215547
796409
312047
193350
188432
798010
218307
795685
552016
173393
796909
359264
797889
173110
627581
795434
188327
797021
217826
795276
795773
795336
795931
816532
798337
552716
552228
140790
798328
553812
268737
815452
210909
224874
799633
403158
815829
799544
795275
798323
183863
798840
537806
798604
636119
797340
553069
211871
798217
104705
263331
276864
727119
599048
564388
210531
130013
211319
216738
796547
799434
794728
796529
798441
213869
188661
253226
252539
816578
816427
815991
111306
140469
143171
798856
798766
172987
173190
173362
797879
797865
797175
797105
796920
189904
190117
796593
796575
796192
796118
795938
795714
795664
795527
795250
795183
794399
674232
628570
626464
816756
624758
217984
221403
816709
225884
227119
237009
816664
240726
264091
816087
236721
784495
237426
173404
816148
9852
246123
214851
816353
224012
268190
796341
219374
796459
143412
798980
318108
240903
799000
795920
798247
795911
798893
431956
217172
407240
798789
798185
216305
794292
234660
798091
805766
816026
815765
798728
187542
798027
816452
797990
553480
268710
816740
797959
246780
612864
799328
130231
798710
816712
257213
816498
797113
288103
407256
795108
113008
815352
799421
795081
9721
797615
795009
236686
216619
794708
226352
279442
188291
221199
797795
794752
235990
111886
796816
788002
104716
796861
794504
794882
798855
796081
797201
794551
210475
320356
795980
795651
240424
815618
184098
104197
184853
794482
815854
816347
797218
214021
794467
231197
798858
121468
331355
795715
218245
228837
216130
173406
799622
171465
795044
628217
799024
611813
798182
795437
796205
796650
245233
615154
799067
335261
635136
457106
287164
798631
635862
251379
104609
188286
183843
130050
798826
798727
815386
231092
795763
799623
791124
218338
115104
218455
215899
432898
215457
217836
188372
574757
797691
188406
113140
799474
375175
791521
282861
799423
815660
799414
795099
221901
797634
816776
221948
816180
226509
211565
797943
816479
816465
799256
796984
796973
797995
110451
794214
796914
217114
796897
234986
816443
795289
798034
796839
798623
302104
799131
223122
826928
799094
796706
799070
234575
796607
795500
798653
799021
310525
798249
318078
816245
798679
798680
796277
618910
798709
623621
816191
797458
217715
816565
217843
615358
219745
816139
209355
799304
794324
583813
799064
798931
615901
796092
287165
461357
816807
617495
797117
796419
235868
795008
211622
135374
304240
816271
173046
585753
815378
257501
569486
796742
816449
105729
459083
796545
796975
838214
113270
815454
105838
798663
139518
816751
235495
112407
799097
794636
188299
214840
243456
625799
797958
633308
798506
629469
815701
563057
798269
799289
219063
798332
795793
805510
236960
238778
798896
799123
105883
794404
141188
798446
535818
226992
797330
797208
249827
271520
214092
236877
816132
797876
471237
819805
287083
798815
797178
240207
797167
611903
797900
798946
796413
815659
218919
211590
816274
245043
211576
218450
630732
616235
815722
795196
798278
795955
420614
795216
184919
235506
277033
560679
791561
794165
627540
798267
623878
799569
638265
799262
216638
797977
798998
816265
798799
626190
329589
798376
459532
180099
796582
173108
796916
796601
253466
222294
796895
209354
236396
228758
209404
795409
225080
798120
263229
794713
237905
798338
795078
795472
796921
796597
209965
188324
798621
816747
797668
799486
214082
794500
188398
816013
228878
799062
295398
795272
221668
796831
219727
799447
816419
563777
630450
796814
797517
794615
522621
816547
795357
816458
224779
113016
188422
798078
105268
798592
212013
795690
799566
816813
261418
560530
785384
617048
219893
791185
696024
675355
796745
244534
796397
796421
816297
617341
797114
223810
796379
796744
9639
794289
799394
234737
670290
796350
791500
605953
217156
816308
615467
816090
816742
816432
798370
798584
816592
799501
798192
816486
794670
799076
791565
796803
188445
213849
212651
227866
218517
590068
794489
799418
256963
763886
816520
218479
211885
722583
799358
224218
795132
788028
613105
222051
795232
794147
550688
229569
797005
796996
794462
816017
226396
220037
173090
140658
179903
799637
240732
224966
302846
796740
799104
791285
798121
796685
796147
553610
190113
224863
209381
336184
796614
798378
142527
796602
798155
209328
799055
633000
795473
799031
798785
798787
171720
550334
796129
553132
816396
625496
796541
422724
795926
795529
796517
208552
798950
795646
816366
798572
798578
216420
816138
794915
799522
794866
816363
384233
237440
784538
794974
232213
618510
794927
188375
816212
795735
543954
797548
173331
129875
794841
798565
218188
212749
815634
10434
799248
215594
798250
235323
637806
798599
798262
795659
139058
791527
815604
188452
214162
795538
798427
115126
816395
797289
143447
465430
815557
219251
796063
795180
288478
798486
617737
225908
10689
269197
183994
815837
224035
799567
794873
111124
188343
432879
799109
798759
815494
227083
584028
816421
796731
188435
794086
173044
796720
622595
796810
243903
795306
588261
798898
796700
795795
796178
482247
210393
784058
550643
816794
217816
210394
796672
796143
9838
816717
796184
234144
798641
796636
235065
188368
114195
796274
105301
299069
234032
212644
557622
216715
209297
306238
172980
796025
799180
798608
797490
619741
226575
614206
795761
799176
243353
225949
799349
623591
230981
236949
795339
798742
816416
283739
795122
795443
217017
105606
816753
636190
796400
795106
631038
624802
795103
798882
799025
796578
281236
410313
179354
221811
815689
799237
796952
797633
816456
218489
209744
143716
173034
210387
312429
226710
816682
798113
218006
188290
798943
797293
637956
795245
797454
378750
799638
795558
795678
795560
798356
240526
223054
585806
218290
797725
231760
816489
665478
796513
796045
796509
798271
795202
799074
612998
615521
796660
796241
791663
267401
9659
794512
173745
415712
794279
794357
794290
130134
815500
218069
815516
815606
218449
220213
217039
112509
215458
799556
562803
112399
188393
184199
219811
797211
188537
188644
135535
797935
291700
799267
797036
797035
797016
189615
210887
796935
298757
815739
799190
796865
299375
223071
798053
816423
141219
814061
798087
141237
798134
798157
798211
798239
615284
798258
179385
796440
617449
322101
618813
323759
231629
798349
622616
622623
796151
481949
798861
628159
7892
798777
798774
816299
798730
335259
629721
816761
795539
192961
240441
795426
795376
798444
822386
225476
819418
795226
798594
104987
700320
173189
798588
773036
443401
219970
795024
795020
784591
785368
787510
392329
226041
401260
224601
622154
243709
796217
224341
231691
798694
796242
631437
815393
795566
815792
232885
798676
796471
465416
795525
143181
816043
257916
488510
633211
190165
815887
173760
796694
795405
795395
635144
796756
794341
815904
141094
798036
636782
217432
798447
796843
179929
113168
798014
796931
614042
799242
796966
110474
797985
10559
235439
796994
517225
799265
173416
794271
799301
794244
240777
211374
799348
797124
797128
794685
180679
797149
815717
228921
797158
9972
188664
610882
815651
767235
235995
216824
221694
226416
797210
797212
283213
212646
816676
784227
797251
794666
816548
213884
237031
816149
816627
173826
401261
192517
815957
104794
799511
794934
188366
799555
188313
798570
794527
794871
217032
558362
218566
794823
552445
798561
799599
794096
238654
794788
216197
816305
105418
548480
816702
798419
798723
332968
224777
799632
796114
797933
451400
104165
797926
214858
226006
794895
273393
798702
369317
798385
726628
215223
796289
230426
562696
272618
799645
816382
816386
617932
263597
257500
794485
218026
798969
798983
215456
632463
488509
815839
313629
798232
816398
271467
556697
798430
632775
795892
270838
815578
233996
799038
10340
796595
815592
190151
227150
798150
795906
416135
796639
799063
796661
796665
218545
799644
188460
230271
104214
796698
784122
243584
216490
798534
614912
141721
223377
799103
796736
798817
798563
627687
209597
10130
120573
299630
555768
794388
557858
629956
815486
795299
799471
7931
796060
816720
799613
430592
796911
575693
614046
229787
214176
784508
784517
798600
794977
816582
797784
231165
334590
214583
799263
799619
797044
264775
214616
797954
183913
276368
235630
796071
797950
799309
629618
798375
797326
797328
794923
797497
629689
188814
188808
366056
815796
217401
219481
555289
217518
550407
815457
550529
815615
815540
815572
270928
816609
816600
816588
279134
797834
797228
188501
797203
9966
797875
797189
797904
797925
798004
260537
796905
796879
797577
816425
796757
798073
796708
796572
798204
798220
798255
319914
232337
796278
816325
795990
798391
795787
795737
795640
795628
242589
795518
795415
230300
797708
795319
242003
795055
816156
795000
794931
794903
387040
794718
794602
794533
794525
403163
794446
794439
191999
816074
794307
815998
226218
791331
785407
434557
784510
245071
105027
465937
630187
630021
225033
105394
798772
798880
625791
224391
798917
223931
617363
816754
799023
799048
209394
499443
614595
799154
614215
815750
799189
613997
799254
612326
799355
211651
799398
111066
221373
214171
799508
220585
799549
560699
112517
815674
557685
216188
808007
815364
797333
120581
816445
213161
284887
104988
794451
798778
645555
638383
192798
795777
225917
794584
299360
797418
219735
188270
173118
175512
227534
794546
816576
796368
134936
815473
253537
798737
798284
9582
130204
552191
335216
795765
267178
799572
799422
192604
223599
815498
191096
552050
346546
225460
799099
815892
173001
114913
796567
815583
227047
467203
237892
799565
254294
795608
815409
797509
537812
321721
798422
799008
796282
796932
273383
798115
256964
188349
798669
794885
796940
216119
791483
797881
139754
179312
796954
799489
799246
509213
815353
216728
619962
798047
816058
797283
796536
796167
216483
796163
522919
217354
236655
139194
815955
796105
816591
188462
796104
796093
797428
799300
236164
815731
625062
797171
309849
211294
797295
798881
486588
815932
816639
794609
188475
798281
548365
816335
815688
816390
289788
798847
111201
796838
234916
794090
795992
794368
173383
586384
795975
176889
797146
115046
216113
798796
226223
450627
173197
815546
708410
104435
799601
796733
190954
798508
499317
243592
206853
816181
816539
212619
184843
799217
796762
815446
798551
551091
799444
210337
225662
512483
189825
815753
236106
815936
794704
799215
222285
121222
184024
797745
9779
796972
135140
794468
210972
797022
816784
797392
797172
795082
218435
797169
799329
799334
799337
816512
794201
816511
235857
799360
173261
822353
173168
557728
794088
816177
797728
795185
557857
216459
551728
798597
218674
460593
795261
794065
356431
356256
795348
795354
816218
105130
173003
816219
795428
799563
464216
798643
272870
633541
264093
795510
795265
795004
795897
795686
795424
795104
795111
795018
795514
794998
557491
182247
556760
557634
554958
305628
815969
557522
816502
816774
816035
7935
182233
182230
795565
794984
104163
216455
798393
795556
795617
816292
794445
552872
815538
815530
798482
796589
342884
240288
815703
796472
796226
794471
796240
794337
794614
214034
220937
816801
794472
309131
794630
280277
480930
784352
815848
578557
815860
794817
217900
815421
225749
816315
193128
798972
797738
276176
795642
129973
188416
563644
188384
188364
795805
795876
629007
112435
791619
796406
209348
224740
188284
7893
795700
796526
208568
224510
796442
796707
799525
378746
794087
184868
224296
799457
797315
816685
797271
220495
267097
815668
173757
10336
583617
796514
797742
173008
210973
189809
234589
224607
796657
815407
816549
221203
795439
798947
815874
105411
798941
221299
815873
816760
629447
794479
815864
799547
518168
797409
799352
816411
409154
796585
234024
797394
798094
268678
797176
795249
798916
795772
795121
796717
176761
796042
211725
796721
215072
217716
799519
794672
816758
244941
796631
240568
794664
798283
815686
816450
797353
263441
625370
217501
797895
799467
623295
212722
799460
796108
263273
215368
795086
815779
795594
347292
780722
254121
795919
795065
309854
797957
795841
795528
638047
796177
240376
795205
796938
799384
305750
240699
798642
796262
114969
794771
797296
231247
217303
796255
230018
120448
795058
791261
798549
318781
796802
798022
190429
816246
797281
795329
815629
798039
214621
216776
816400
795048
794957
798498
784094
140206
797093
799652
794207
816344
188330
797089
552460
816342
797586
797002
513651
183891
210368
241727
815964
799615
645651
238387
799339
367454
799051
635751
791082
628778
623402
797029
797265
794876
799579
270545
795792
426085
574894
796530
385453
236650
618526
795240
795416
795417
791078
234731
264096
799359
556195
799144
227398
305428
816431
214852
815585
230303
275875
795727
221000
816513
795262
795257
795255
269513
795247
795224
275753
795128
794755
795096
555446
795027
794758
795006
794966
794794
111033
554061
113075
120694
816250
121166
816240
127563
9506
129902
816200
839947
816130
816127
134913
816115
827092
816099
551926
9571
662112
815927
143413
143479
546882
159233
543399
173277
173318
815666
173424
815635
173773
815598
533873
815590
784103
815548
526830
784232
815439
815413
784547
799528
181380
799512
799510
799454
799439
799388
799387
799305
184668
184874
631899
188293
188312
799042
188407
799017
188439
188453
188544
480931
798848
189302
798782
798721
787350
798581
105801
798477
798397
465310
9987
452614
798145
446700
798048
798033
797972
797963
797942
191031
797773
431839
430565
797732
105815
191757
416341
797393
797389
410132
797273
797182
797173
797133
10204
797094
794114
602513
406641
796988
796969
796947
794187
816663
796835
796787
796763
796758
203766
209703
210481
104701
371036
625371
611452
213242
371010
214596
214642
214661
216232
216281
794265
217021
217786
816642
218243
218428
218457
796538
218827
219771
220529
796512
221945
359828
223959
794365
224493
816637
796366
796338
612286
794410
226005
350072
226660
226755
227117
796196
228207
796171
228938
796164
816602
232722
796047
331664
235444
623589
795872
795846
613581
240735
240737
245080
248173
251364
254496
795481
256075
256114
795445
256160
306218
263270
795345
227090
815491
134779
815890
797284
816404
867721
796429
797379
799533
791426
794940
797894
435128
173309
243470
794967
815805
182295
795766
787959
816164
189564
798207
795880
816165
795622
784526
224723
791471
784192
217237
795868
189502
694626
180566
797659
797223
795859
816755
629714
625751
815450
798435
637928
795281
788452
618817
633877
221773
816214
188251
619546
795420
630961
637980
799596
10523
797836
633546
799407
815852
794494
796724
179932
791572
231352
210426
798186
226244
252566
182287
291425
794188
191896
556213
797447
624772
797298
210707
796115
210796
796075
172995
252366
350350
797578
384952
611245
796383
797107
211304
277977
104641
306220
188265
217392
816699
794186
797197
192926
795191
851641
794613
795654
815678
794884
794838
816475
225598
784131
796182
799480
797207
794787
188352
188344
632144
798110
417526
797142
797334
798547
209676
310272
188321
220322
795137
795589
794441
798899
798090
188650
816767
795028
256101
799345
250015
219080
256108
10169
794806
548675
796080
227983
796827
654300
240562
6933
796944
816071
799187
214660
188540
784561
796675
214645
795915
795907
784137
799499
266848
796199
551797
190762
15144
794813
797097
795317
480599
223947
241576
794604
799181
816474
816033
815838
816238
791304
224046
794492
318095
192401
281220
795891
236219
114166
797166
796223
784162
104642
796804
784551
795429
796076
784553
787404
797922
815502
798293
795619
794281
217374
480463
794633
111872
175734
798795
796516
799269
794499
120641
671224
217782
219822
815718
105503
217823
799216
799211
287149
798920
798923
219622
628613
816039
799006
799015
816540
556443
188417
228871
188413
794992
111047
795564
269473
786193
188379
794105
286690
795578
815815
628232
622326
219218
799100
219021
188303
242481
105386
104307
227978
815551
231142
135353
636178
176892
797492
227192
796222
134940
143739
794536
121459
613246
240163
105690
795332
791685
815483
143703
318083
230889
425993
114818
815460
797059
226661
233466
614850
130482
129829
815849
795854
634890
237618
795845
237744
816192
233549
784240
130028
784263
796862
784299
303183
794738
614640
629147
816625
373231
210847
113139
320473
784374
520298
192314
225852
629089
230580
211133
795187
234067
794689
795308
816793
794394
293768
797215
225415
514876
795181
795762
10628
402159
796697
794890
191203
797243
632147
257263
795177
816648
794384
797248
815677
795377
180642
816707
799564
795231
797877
256966
799558
794373
796704
633807
437260
816647
259059
799517
797004
224428
796594
797397
256441
794736
182219
798035
796712
791159
784552
182229
815781
214850
173387
794097
798099
222745
599063
798191
796809
215822
550465
550581
796138
799438
229472
216107
145913
798314
279208
794811
796507
794066
240502
796067
254919
797024
10636
189895
798434
221397
799385
794276
246251
209666
189637
280660
269361
184345
179359
784191
302178
292124
235381
794961
795620
799220
797914
796233
291621
224455
236682
553173
10413
614327
280199
630250
192317
364081
795029
794956
795391
796099
617578
791716
816711
797955
815797
799513
797962
224257
443147
209553
816407
206825
794603
256816
182207
815518
280275
10044
551950
816713
816406
798652
190871
214585
815669
797486
799502
815905
478422
635542
816603
324170
214617
798041
794270
184241
816689
815694
214629
105595
794524
798438
223530
796451
816089
816294
634000
624958
815795
9490
794348
794254
784636
815706
815559
9746
628406
10175
188283
797141
625807
795769
795927
799259
794111
797504
796532
113081
251601
188336
798111
450417
277692
798124
188337
794299
218501
218493
798469
791626
799469
799446
188263
229943
796749
794455
799443
794775
192082
182290
798184
221387
667986
631169
188412
798489
796918
799354
797351
222041
217304
796540
794495
795244
795113
794679
794294
796686
794840
816457
192981
10112
182293
183906
218189
795519
794853
815692
191351
791524
796073
795750
784369
279035
796349
632867
796311
796974
798517
816786
798986
795036
216108
257445
228947
815858
796309
796722
293508
796308
815351
112454
192832
219416
815807
552512
794819
794913
614264
799639
209706
173777
796280
797108
480529
816288
192101
799586
816195
799178
798741
238559
796418
237727
815451
237557
797871
173288
816800
188515
797079
9548
611432
798331
798918
794326
552261
182338
212390
115913
794426
216381
212528
219742
212604
799562
815675
816599
212622
816158
618069
212639
816012
309871
816152
796913
795789
815791
796079
636876
626734
10137
796064
553179
797573
332535
797582
815893
815901
115943
234709
550272
795977
209646
815982
795963
120137
685506
816255
235410
795928
795776
816056
795921
816082
135377
236015
646174
104777
121352
816128
816237
121475
236665
236678
236941
816160
237039
373368
130460
816199
238040
797660
9510
796666
210858
796857
791560
191455
794076
385278
797766
796655
795392
794233
797807
795168
797872
797252
795167
797880
797884
797901
796600
794748
191035
10062
797981
192617
307666
214592
798023
798037
798061
192257
447454
797270
816721
621956
816442
192480
449712
798137
816666
556128
584769
455170
794750
307880
798224
6935
190308
798257
216061
796807
302111
787898
798321
797286
270542
798368
795212
795494
795117
798399
796564
798462
280310
10250
280643
794751
217306
798666
189432
795051
217483
798784
798794
795033
798831
796777
795547
794064
798895
480959
786836
188464
816529
795007
188394
252582
796983
556140
188357
188355
188306
799120
799125
284741
816680
794317
794965
799232
795400
220218
799281
622510
184438
796989
795313
799372
799375
221371
314583
784621
784613
795624
794807
795248
245307
796485
245303
794342
799494
795631
223756
799506
795286
795632
799552
796427
180595
799581
510969
799635
9724
816388
563742
796398
796392
293698
633741
192933
244291
794203
815367
815370
795641
794888
225558
796339
225591
268674
354306
179526
794874
9697
794863
518404
9693
226096
10160
816617
614655
795266
796273
618150
622816
226944
526821
796232
617592
227171
616723
796202
342871
815541
110479
242535
816607
784129
816359
193197
10595
797507
175492
816348
112391
10589
229054
10515
816402
173778
229431
229813
626712
417530
320357
612506
229996
173385
815670
173363
399003
820164
796124
230629
173148
815681
173007
172966
231082
159427
629678
158984
815747
815784
795333
816744
797290
794068
10632
795120
10186
797156
255067
798290
797275
182301
190289
222009
556532
215958
459512
215753
798181
633955
182289
815989
795461
788732
797382
10544
9984
182279
215469
113080
798144
795725
798141
222475
9753
797520
359457
798133
627494
9752
788956
799481
798127
795302
214829
797526
303576
797598
795237
796828
795142
798057
245172
796829
797385
623933
794350
10332
791156
10177
798030
628989
256280
794237
277437
797386
798008
214161
791337
229720
794358
797390
796934
256825
797961
791352
181353
815652
796592
791384
306854
797180
797917
816526
302918
796608
796873
776129
794372
627186
797903
796612
797899
795739
141649
256965
10097
791459
260527
619938
232348
229911
794236
797863
212024
797398
797403
797859
797855
191175
797844
797842
799606
797407
799608
797837
795984
244918
173412
797833
180280
795636
10104
414481
180131
797593
225076
797826
797824
738718
240539
797570
263348
797817
797815
814618
626873
797808
267036
797802
10541
794390
794625
795064
794958
794414
794099
794559
384162
182218
815475
308378
727047
182299
104130
816643
225948
794329
264077
799243
262391
240748
240798
794413
241737
254459
794616
794457
249649
111650
249549
794560
244239
799235
816310
799199
796284
796294
796297
796306
799185
799172
796344
630621
630234
816306
816764
795722
629163
799061
629009
628702
833076
628410
798962
816428
626872
798887
796535
796556
798816
192833
815435
9644
114979
622316
816286
798598
115921
798559
798557
619734
104997
619471
815461
9660
619018
798503
618287
796732
120639
815482
617515
796770
796773
798407
614594
614514
785381
796858
796867
816272
795577
796881
785410
815563
173287
173223
795550
105750
815595
815596
815599
795511
10174
815614
815616
786622
104076
173106
816267
563021
173045
173019
797047
797050
795406
9564
797058
797072
797078
815740
797104
555112
815749
816252
554243
554143
787248
815758
158762
9545
815774
9680
157726
10645
815804
10180
548664
815830
543395
934
787757
532408
795940
797227
10599
522776
797239
815862
815863
815879
217338
217420
217421
816554
10562
492709
797299
9494
797311
795818
483131
797329
797343
10548
797352
480323
10547
815935
816226
9924
797356
143728
797367
189600
797369
10193
218490
797373
797376
10536
816014
797420
797422
797427
797429
815400
797431
797432
816046
797434
797437
797446
220244
797462
797464
797473
6888
220773
797478
221395
637207
815403
797489
795115
797499
637109
188550
797500
188543
797501
9919
797503
797511
797512
9458
394879
143107
797540
381597
9908
9900
10465
797562
797564
188421
797566
797572
797574
797580
797583
797587
367827
816216
816112
797608
797616
797619
797620
797621
797622
797623
797625
797629
797630
225696
797632
797639
797648
797656
816126
344633
226336
797663
9883
188281
795010
9879
797683
797688
188258
797689
797695
797696
797697
797698
797701
797703
791660
797712
791679
797718
228774
130458
228935
799392
816147
797729
797748
797749
10114
797751
797754
797755
797757
797760
230596
799374
797768
797771
302833
9581
231222
797776
797778
797779
797780
797783
10395
794089
794094
184521
797787
797791
797793
794121
184302
794129
794137
289752
794140
9840
134700
816209
182614
9472
794197
280744
182323
795917
274375
236545
799272
271939
236779
270378
794717
134774
237454
794266
237605
134778
134780
794306
134796
798862
796890
797502
795517
207417
796754
795696
795581
833517
797753
283752
791410
236195
816067
794623
222150
384178
184848
823639
193328
798104
797986
822728
815637
816162
188332
193321
236537
796017
797949
816301
243132
798072
815350
249808
206886
795756
815620
130026
798253
799218
378687
815531
815420
10214
797772
226091
140630
799027
9577
188436
619481
794702
816352
347290
796447
816360
796446
815529
794418
798063
798162
209393
193187
629619
256912
794369
794575
632671
798516
794743
237560
798373
816688
816530
629651
221280
619791
619863
796832
523066
667648
242643
816129
787838
787831
799491
216250
141695
340569
797213
797665
9591
216163
632722
105470
336274
795458
188643
816104
134701
798042
797262
815842
815875
188667
797673
563299
815880
795274
224789
371374
516660
252752
816317
135199
794392
193076
548172
9895
796671
190036
796822
797174
796821
173360
815382
796130
816091
816234
215503
815816
638673
815375
787628
173821
331343
190703
794739
9889
815902
816068
816485
791575
799441
173191
796634
257150
798629
797162
190115
797799
636053
188259
794737
796131
257202
795241
489143
173386
140432
794168
796795
796995
794706
787526
784150
815788
323819
10652
188254
112457
816735
815389
795214
232599
141844
232683
227306
815488
175321
188469
192415
188573
796203
275849
799515
218052
141170
816244
784426
227672
239085
9791
173400
552116
264094
797135
188250
815763
798454
797702
796624
190252
798316
797539
241808
796394
816370
141155
797362
799138
816778
797123
552857
105085
794889
111234
218451
815756
791365
798093
815576
796346
796279
213859
173081
794259
796319
218531
139649
799432
785437
9484
188243
797374
320108
795883
797381
794179
218779
553881
105438
795372
188360
624135
798345
794801
191294
181278
797613
191424
110493
135704
795742
796591
141020
612082
228890
139599
796779
175563
798049
243732
797070
234007
556708
190453
140853
182282
816005
815487
797064
816142
784376
219276
557372
281259
637812
815632
784371
223984
796772
794323
10435
797052
868980
238055
795670
799585
275311
183951
190468
816471
219689
795145
799583
794697
291547
10105
784348
33267
796337
185931
799260
815434
211221
796767
815354
797897
193398
625534
188778
219975
625706
797046
794554
796760
816263
220088
796324
794333
262053
796056
432883
816053
211113
625864
211094
797553
799311
356711
794686
794687
794571
815665
224250
180246
236179
795937
784325
795688
794655
239013
467175
794257
237111
795364
816718
181245
798089
797370
218520
816804
797120
815962
112992
553831
795370
554940
795165
292207
555539
797095
212169
10704
797083
556047
184168
10520
556076
219085
556224
797076
797065
556799
784104
184029
816367
816010
795155
816596
799529
798088
816016
219414
443756
291650
815707
631138
786999
786963
219737
121463
795407
290729
796186
219888
786913
633621
10513
816324
788961
795796
795144
183941
234470
788979
789007
631159
220256
796038
797027
234537
182240
563165
220537
795444
176778
143450
795447
799532
188669
796097
797008
173064
210539
221303
786652
816190
221390
210401
104124
794714
796020
221804
10110
794161
221818
797493
797967
815619
796320
209707
192246
796968
796965
797937
796948
143401
602340
826656
179939
104376
794172
268791
209361
408697
795092
795084
794173
796316
815582
815579
191453
796288
223805
393123
785423
785421
613033
797545
795062
796893
815550
785383
191260
795061
104857
795956
796850
799200
794181
376474
796848
375914
798404
375135
179831
815525
632749
224757
283019
799223
235053
794694
815513
815509
784065
816110
282256
173369
784062
799292
815492
281951
796268
797589
784594
367534
188373
794514
794802
182294
188363
188361
225520
188359
816480
173411
799621
281228
246563
191511
237586
246903
795611
798218
356596
10058
795903
791394
618044
665745
798497
353175
795615
798502
10078
815478
618942
816123
618952
104980
797649
796719
348476
619037
188316
797653
280033
791453
794476
250017
798537
251329
796682
784488
791473
815408
226564
791486
795785
268664
335729
796673
620463
191948
193078
141592
191070
9714
799406
799642
798582
794453
798591
188272
182284
330728
795638
798620
784439
816729
794313
797938
794205
794983
784432
623249
795782
794618
268116
794442
130417
323110
623391
816213
791629
115019
796623
799402
228358
794971
798724
134899
815365
623965
797715
624314
794230
816136
795655
314792
228899
816746
795660
228959
798764
795668
796579
229162
796160
797731
795674
798779
795681
791728
135544
625746
105145
191136
795683
794429
784327
794286
182228
114173
626141
236193
795693
816437
816436
796519
192644
272872
627677
192596
794628
794688
140762
784226
795704
192587
628186
303232
230755
798974
267103
236575
634664
816660
798059
302917
816394
796469
192547
799033
794079
794425
795716
241517
795719
179470
134860
192089
300251
240852
794959
798065
191303
795292
797236
299289
523056
216512
265502
815855
797790
794741
189978
522398
815846
795285
815868
797205
797260
216832
816536
536612
816339
298788
517398
215929
217116
795273
797183
190022
231742
797181
548260
548304
511491
815826
799071
795335
548515
798307
505938
505583
799505
184499
134687
190087
113212
215008
121627
795337
232351
815908
815913
795823
797159
816184
796065
190125
485728
797157
485071
484857
815406
10653
551948
644255
799079
129929
797345
7970
481632
214168
121495
816374
191183
794735
795356
552325
794653
797355
143740
105636
799611
799590
9583
105419
191281
191685
9593
816771
191808
815392
191925
799431
799353
191232
799322
799280
111275
192237
192259
9618
799173
192295
799152
799137
192323
799111
799016
798961
105149
191139
815433
798726
115096
192949
859614
798614
815445
816741
193089
120107
191067
193336
798468
815521
815524
104827
798388
815544
208638
815569
190875
815593
815597
121195
815631
815647
9566
815679
190561
815705
211527
816796
212019
212282
212365
815743
214175
214177
815786
214662
815794
190118
816732
214999
815811
815812
815814
816730
816811
9516
216399
189902
216714
217341
189730
815917
217884
815923
189690
10546
218783
219025
815992
816001
219341
816038
188822
188801
822225
220064
220590
220914
220920
816064
221415
221723
188615
188574
222330
816083
223270
188450
188437
188425
188424
188418
188392
188386
225204
225325
188378
188376
188370
225602
188331
188325
226110
188287
188276
226829
130299
798183
188252
798174
9727
816137
816141
816144
816145
229360
229717
229992
185472
230393
184945
798164
184772
10423
184726
816169
816170
231178
231225
184536
184357
232720
822798
183980
234351
798132
182515
235069
794814
794805
680435
235875
235985
235994
794773
795922
236518
236568
794747
794746
798084
794715
10321
794695
238820
239099
794667
794662
134831
794632
794621
243152
794572
243537
243873
794517
245077
245275
246944
247876
251367
253275
798005
135015
254284
798001
816692
255057
182281
135120
794400
816690
797965
260540
794374
263671
794346
264754
135280
265052
265089
265328
794301
794268
794245
794918
135469
272705
797921
689774
273356
794235
274843
794930
276059
182263
794221
135561
797902
279622
795916
281268
794933
283185
138468
797893
794194
284579
797852
286916
794149
794949
794124
140200
797811
297008
794955
794101
816665
140794
306800
308026
797747
308210
308217
316007
797711
797704
794981
797694
326506
791597
794985
794987
791490
337743
797661
344187
351170
357223
141724
359249
795034
359873
797611
791340
797569
371480
374822
375071
795056
401953
143170
797531
409687
413984
789076
797475
797463
432882
795149
445024
797412
816590
795163
454238
795178
795208
797327
795215
816570
486729
180749
145519
797285
509016
797274
795893
797255
795310
537167
795321
549406
550093
550217
550538
551475
551818
552056
795362
797121
179389
553217
787206
795383
795390
797084
797071
556674
797069
797068
556854
816493
797061
172946
816258
557364
795886
797020
562946
795452
564044
564262
567176
569257
795469
795486
796970
786440
795498
796958
816269
179999
173141
598827
795523
816492
796926
785650
796915
179924
612543
612651
179896
173352
796820
615530
784604
816280
784593
173407
796769
617325
796729
816460
618541
784544
795618
784522
619533
619975
620347
9993
796637
784438
796622
796617
816290
623920
624425
624632
625682
625908
626022
626125
179507
816433
627909
796493
628589
629045
795723
671128
794378
622274
638463
872263
628584
777446
624704
273136
624927
631241
628125
628907
311755
637839
182398
311734
618097
627841
636154
726189
177449
633899
795995
634524
637242
635099
796403
796021
667444
9199
105518
795751
105449
795736
784163
191388
815373
784055
630894
191382
179427
796043
179419
1327
816357
795830
631990
815358
796390
795986
784080
180117
188509
651778
815394
795881
347729
815383
349421
225817
815362
795807
795790
191429
810066
795770
191406
627736
795752
816375
795748
795745
192825
190595
795711
816362
360602
362333
795682
9692
801121
795669
192804
795635
795610
799649
795569
795530
230042
795513
181333
799573
795470
238664
799568
795431
799557
230044
216233
784074
373409
795388
209662
795379
209522
795351
382325
795350
9896
816351
240225
225326
209453
190583
795312
385532
795311
226078
222113
795270
795234
230340
240394
799397
795199
192706
795179
795169
407248
408846
558800
240648
182327
240707
625731
795032
795012
216654
794982
182419
799175
794963
799166
799163
420119
794879
794875
794852
816321
794839
794835
191143
9956
184305
184334
438489
816298
794731
794724
188442
638247
241521
184502
443458
798979
10021
447457
794608
241573
192642
216755
794555
794543
798877
794528
794510
10067
457710
794505
794490
460558
816708
794483
10101
461399
794434
830976
816275
242059
794396
798760
217105
794379
816266
230807
188659
10143
192590
794334
10156
816256
798691
10176
480527
794275
798632
480980
798571
816777
185938
798536
622849
242900
10262
794199
794154
794153
485510
816230
486711
794084
829835
794075
816225
794074
10366
794053
193303
720865
492006
791694
791598
190052
10408
188256
498952
791353
499457
499724
500749
188268
791144
509385
798463
188273
188274
816211
791075
789037
188724
563303
788978
188279
10488
788692
788103
231221
217359
787966
244015
188295
563333
787901
636535
798432
787683
767329
787472
226402
619802
522946
798406
636180
523706
221807
786844
188333
786598
816198
786433
188354
564133
188358
798357
784630
217487
784590
784559
816797
548328
619561
798319
548369
784507
548568
548689
104591
550278
784440
550657
555851
798297
188395
550853
784343
784335
784255
784228
105193
105267
217731
226653
105275
193198
618711
618137
105813
192298
105964
109327
226724
221269
109746
617851
218200
218308
111004
798190
798187
253479
192286
218363
253581
254035
798170
798166
254302
226920
218558
798138
255056
798128
113152
798114
798096
615663
816134
114167
798076
256433
190177
798066
634930
220437
114209
190466
634889
114916
614705
798032
115934
258465
189333
614214
798000
190279
192159
704552
797993
120655
556202
633416
556290
797978
816681
189536
816677
121464
121482
797953
612077
797951
587679
192076
129872
611770
129961
129972
797930
190428
797911
797906
797896
699359
206688
797888
266799
816122
232940
214612
225276
797830
134664
816061
134825
816650
797707
191987
797684
270683
134942
191973
631775
135091
272702
135142
797555
135200
797534
858509
797487
135541
9611
135714
225597
797349
139583
139637
815961
815958
815947
797316
816605
816734
280873
228345
141059
816589
631175
141222
141256
141718
815938
141722
282142
815926
143065
143397
143713
797143
143744
815916
797126
797112
630885
815888
797082
815871
797075
784092
797074
815867
224842
797062
284690
797060
285219
147755
797034
816805
845719
287519
796991
288106
630135
815835
172934
816553
290625
291418
291577
172988
173050
815789
796937
173231
192989
815734
173348
192977
189679
796899
796898
295110
173405
796866
735798
796849
629669
796842
296811
173748
173772
815709
192971
796823
235617
228934
188489
175407
235780
796768
299282
796765
299330
176722
815673
816151
816501
796739
815658
176752
224128
191702
177558
796656
796649
302929
235946
302975
816759
796635
796630
235989
796613
179384
557386
306689
236062
179416
816706
179417
815610
179432
796527
179457
796522
179477
311899
796511
236205
796478
815591
796474
815589
815573
796444
796431
796420
179506
796396
816481
211280
815533
796373
815527
321145
815522
179550
796333
223235
179554
815517
628873
189792
796270
815485
222776
328205
796150
189799
557633
796134
796133
796127
796119
796113
179890
815453
796022
815444
795987
816454
335265
815438
795965
815430
815428
795944
795943
815426
815423
815422
796315
347303
797991
815443
816153
797989
633575
120683
704530
300437
206763
613515
192116
797983
741216
797982
373783
184783
796725
226252
219516
612246
263480
121172
794470
624159
460214
176742
815662
189743
796296
373285
815506
191538
302322
795404
815649
232370
794486
797945
704452
795418
628896
815633
794493
129997
794503
796015
192061
264784
130053
227557
190381
130112
794508
795890
798866
610944
455733
455167
816757
184687
9740
794552
624328
265505
794567
554333
597514
193436
130291
798945
180264
302931
794581
796243
795457
632416
797874
795471
632290
794593
796229
797850
233029
303338
797843
632011
450439
816096
797831
815617
192033
816093
798957
794620
231686
794644
797813
268183
816658
638239
233484
796225
134666
134694
816496
794652
193139
227959
189567
794654
268795
797734
816047
816045
794656
815481
816028
794658
796629
795491
794659
241545
816022
796621
216670
797687
270558
795497
795520
797682
134901
794690
795544
861617
794711
271333
193125
189945
871679
815479
797624
190726
816293
441278
796609
816309
796590
189938
224451
135141
303964
799059
815973
9694
179371
191968
794754
191123
794756
795614
556605
797532
9973
189930
797513
794781
189920
796214
191940
189845
797485
816313
135493
275843
799112
816632
188431
552467
794832
794867
135587
794872
135614
631579
794883
794893
816631
871673
135619
797416
794900
191681
193403
138260
816323
816719
213860
795634
797346
179390
797342
179399
815612
278988
796565
794951
191887
191193
139788
631443
179400
225742
210352
625514
180345
799221
182377
799264
140465
191877
556693
191874
799277
797288
193088
410869
795022
795023
796185
191627
234662
552364
222111
328097
214798
307864
795647
141096
649353
191531
410162
795039
188430
795648
308145
9687
193374
795691
282148
282167
193452
795053
815918
815603
797202
282986
182321
182320
240679
182316
193065
815601
143399
234738
795701
797145
796153
210801
210705
309521
182315
179448
283523
226120
815914
871671
180662
182314
797101
871670
795979
815889
338329
797086
182311
238029
816440
192940
236166
311164
628932
795124
228643
815594
816336
816345
193384
795717
795166
191585
795901
145978
816768
285297
189603
146005
206622
191246
179478
341697
287049
797030
206589
799383
806595
625904
9897
796500
158988
211519
799396
237867
287619
796993
234810
796498
816371
191787
796125
796990
159612
168128
815366
795904
816560
795976
209360
815820
290449
787160
190907
182276
522957
193412
189672
816695
188329
228875
217416
214595
795251
786861
235036
787365
182259
394925
217464
10586
799409
231262
10607
563544
188472
207249
563969
787408
619818
785444
532410
787465
787467
787475
787612
10665
816197
816187
785433
193288
245096
785431
785428
796111
795300
785392
619877
192928
871682
537824
785387
787668
10681
816182
540998
10692
619916
180074
785365
207381
787790
188381
543391
351187
788306
795304
226571
188382
784609
788562
788816
546699
514905
192823
188769
784565
173109
788866
548255
788901
796941
548311
190924
173137
620017
619749
389305
191759
245678
193277
815570
784523
510602
784518
357490
791102
784502
548550
795315
784501
225539
784499
245932
667987
188269
508449
791184
816179
784490
550152
816176
620460
173271
791204
815767
866689
784452
550405
550424
10438
629730
550570
246545
791241
791248
382895
643341
105016
784394
191308
357411
618896
10430
784362
795355
499390
816546
720169
247052
550988
784342
351165
784273
791392
796430
784248
621714
191571
784194
784183
551248
784168
496556
495781
791601
784155
784154
791695
791707
191310
626280
798282
555855
179499
796900
816468
798276
192345
791720
105280
796414
222721
794063
188685
105363
488891
10333
816228
794102
206920
794106
794123
563044
243355
796894
794148
226699
796892
224750
252396
9508
105834
629698
816780
796878
213203
191735
798213
815568
253171
816157
296463
224513
192744
484996
192559
191566
798189
296674
111658
617618
484232
482956
192288
796846
796845
796061
190021
794220
796048
617577
784078
179991
190138
192565
794223
356221
794234
218393
188420
9816
185605
296872
798156
179524
798566
254440
798153
242626
189304
815356
616540
225423
574869
616448
210398
10178
816691
182220
794297
794304
9814
796044
798122
616347
188438
798105
635103
815704
795863
235620
623528
796361
114170
185385
475713
242438
798079
799531
615491
798070
242406
796029
626854
614877
192223
180477
299068
6940
798064
798751
256850
180303
816518
114211
239632
555966
221932
816133
798051
795905
257175
192199
219068
816261
257207
816508
338625
798043
794370
193193
220230
115101
340592
614625
184948
9550
816775
190461
192171
794395
191037
614525
190648
299317
258469
796331
796751
798006
794420
633717
464811
816506
235796
220070
614059
190290
816384
796326
794436
120644
794450
260616
227151
816802
784125
784102
784076
780109
769062
767122
552443
816163
725222
723174
188443
231676
552843
816161
716412
552932
708164
190695
193200
188466
190686
553925
188508
656842
649358
649040
554789
188517
188596
555100
188649
188676
816710
188690
188708
188727
636346
188768
231928
188813
555916
633689
212002
816715
189539
632518
556566
556615
556652
189572
630951
556723
630828
630200
629924
189678
189680
629657
629587
189699
189707
629126
190606
628112
189830
627969
627698
189849
627061
816150
557880
626251
625955
9478
625745
190568
189950
189957
623850
190000
562850
623603
190018
190025
622023
620477
190528
620016
190061
563451
619760
190509
619753
190102
190119
618790
618306
618192
617453
617130
616897
616360
615766
615599
614778
614749
579803
614645
190464
614548
190256
614312
225587
190295
190448
585682
613965
190446
816131
613068
190312
612153
611786
588233
816124
816119
816107
816103
816097
214627
816050
193126
816009
234283
234329
815968
234348
234566
815943
225608
225631
234686
815939
815915
234767
815869
234792
815866
815857
815856
815817
815806
815770
815754
815730
235468
223791
815721
223735
235496
235634
815682
815667
235876
815644
9632
815613
225695
236064
223716
223549
815507
236751
236755
815504
236978
815470
815462
237418
815418
815410
815359
215787
809314
210385
809306
800473
216129
799546
799537
799535
799534
799462
799453
9867
192741
240278
222146
799408
226089
9918
240540
240554
209332
240623
799313
192690
192679
799194
9971
226183
9976
9996
241348
192656
10013
798954
216845
798891
241776
10135
794263
797713
104489
798007
797700
798011
798012
798013
798018
243562
798031
816381
243991
180569
794417
244221
244227
816387
244326
192156
244349
816403
816417
798040
245573
245649
246115
797590
249650
193440
105055
798052
251072
192275
230885
816483
816488
192109
253444
794952
254039
798067
192563
798069
816490
837846
230050
10537
798080
256813
816497
229158
257212
797423
798095
816743
259890
260098
797377
228497
228492
228348
798119
262091
262464
263335
192260
105525
192479
797325
227147
264104
816525
798139
798142
191412
10506
816527
797280
266301
798167
110848
193325
192043
10460
816531
798175
798178
816535
798179
268041
797254
10457
226382
797234
112572
274376
10404
10387
114144
276389
276429
276614
794447
225536
816551
191995
225450
816567
279457
816571
225153
280312
280749
114180
794912
281157
190745
816577
10162
190774
816586
190783
283187
797129
797116
283600
797100
190874
190876
190893
797077
192369
290196
797073
290937
291007
291051
291279
291280
157725
291528
190918
293961
798398
297006
816646
190993
121128
794458
191000
796992
191908
302926
220096
219937
816656
796964
129871
191891
867123
305387
219512
794861
219237
796933
798481
796930
796928
130077
311608
796912
191885
315596
130136
130158
317838
317839
796907
130160
219048
175737
191088
188371
323122
323263
191092
796851
324477
192569
794825
219019
328995
796844
130373
794477
173780
334560
191102
796817
188346
335810
336745
211539
796800
796799
796797
784139
344752
130501
347307
171532
188328
352051
784236
134661
354893
176745
134662
784271
188311
358438
794803
192458
796743
359447
188302
794779
365698
796723
218750
134704
784365
784366
784390
784395
796687
784397
798511
796674
191119
191306
371088
796658
784459
373337
374544
375361
784474
784483
176798
180059
378760
378778
378858
378900
191765
784498
816667
381608
177483
796647
796644
385233
191318
385524
784503
191135
784528
188246
784531
784534
212148
796619
188244
405478
794734
187978
134993
135005
784550
191741
409116
135049
135063
187543
784574
784592
9528
794727
410200
784618
135375
410994
796562
411844
784624
784627
794722
416139
796544
135560
177567
173423
191349
191323
796523
796521
785373
426084
816671
185377
850655
816675
179308
433011
796499
435485
794707
796457
796452
796435
785406
796399
785432
816728
796395
447572
447686
785649
796371
785888
184732
786293
796351
786446
139665
786468
457418
796332
786533
796328
213857
466708
796299
798552
179368
796290
184516
191712
794600
473254
474207
474245
474320
477992
786892
179380
786958
179386
139805
191176
481499
787047
796261
140408
787095
482091
482170
796216
794684
140474
787185
796188
484834
485515
787308
787379
488901
787456
796140
794553
796121
794675
218135
787581
504191
506733
192438
510622
179421
179422
787731
787780
518146
520394
796023
141719
522610
787938
795958
795939
795932
179435
787985
787998
191623
534021
795889
191209
179456
179464
788710
541530
795861
795860
816792
794606
795834
795791
794665
816783
789090
816782
173358
791126
795743
179498
795731
795730
180252
550866
550897
791149
795718
795707
791215
173347
795689
795675
179525
791357
795639
816773
795637
791472
179542
791511
173304
795592
795586
795567
795554
795534
143475
191542
791715
816772
179567
795468
794650
795456
794062
795451
182252
217689
795425
794082
143720
795397
795396
794640
794573
182235
179667
159216
795371
872168
794157
795342
795340
191512
179723
143752
794204
794218
192497
9422
798748
145510
794243
795229
794273
795227
795210
795209
795203
794285
145903
795175
795171
798753
795138
180813
795130
795083
795076
795073
794305
795054
794316
795041
795035
794332
795025
795003
145979
794993
794343
794991
10677
794362
816236
797944
797898
816279
816281
797883
816283
816220
816206
816205
797878
10619
797851
794381
797980
797984
797987
816320
207426
191445
797809
816349
10573
191356
10567
10564
797998
816361
797735
192201
794382
104189
242102
797722
797721
191731
436747
816770
439687
184813
794170
279616
796484
796475
794703
798261
192863
443162
212654
796465
785403
796460
217523
795334
252766
190725
798246
225512
191267
10279
277370
796415
10330
796407
796405
796404
139606
794190
192802
225538
192732
623341
795320
794518
188655
191725
192719
192405
188658
623331
794192
798732
798989
796381
622916
225579
225592
451397
189604
799588
192284
796355
794537
189961
191723
796353
454900
275866
786421
192008
563113
795309
252413
631601
139676
795303
794219
796335
252085
188663
798060
786575
815821
191504
460559
815827
796329
816550
786654
190687
184667
192728
786716
191167
113135
622627
796323
786801
225855
796322
465181
9736
815845
465407
794693
218262
786851
796310
179778
139698
795284
113132
179800
113087
630948
189806
240906
231074
467870
467886
181387
468604
190379
184500
9576
613082
249941
795271
563897
272688
189625
474328
191709
474342
181355
192292
190271
480242
816078
190676
786936
816739
796265
145511
794241
794242
816809
852214
799541
242079
191343
621754
249575
190335
248480
795233
233013
104929
799117
140435
191699
192030
244235
797198
621440
621335
621000
482370
190673
795211
815859
233049
248272
798208
240109
112441
574579
248262
189638
796183
226092
787274
191691
140640
191688
798198
242101
190311
145525
486632
269869
796169
796158
235478
112382
796155
112375
157706
795192
796154
794282
10448
140825
192689
233476
268712
620674
226386
796137
226401
192202
192638
181291
797595
798553
794671
140869
191477
787515
111628
267709
796098
796095
796090
614838
787561
191679
267706
9662
614842
190629
815870
816447
179407
837837
796087
796085
796084
797775
579682
267203
787630
188804
787656
509102
183847
796083
191668
240180
815883
787666
511435
193316
181268
794438
796077
794968
182761
104853
182736
796068
180554
787758
266533
787770
173085
816167
265868
796054
192897
798165
796052
816693
517783
182668
796051
226975
216239
787846
110175
10507
264981
796032
105963
794295
797301
522413
796027
179906
816523
796018
796014
189639
796007
795161
794669
628849
179430
105590
9675
795959
795154
620020
787960
182613
191625
795147
616510
798136
795143
192193
240242
190158
182555
523910
585755
788282
264072
795918
614911
105575
788350
788419
628542
530607
795908
105530
263749
141877
263683
189918
795125
628422
192697
227546
788532
182408
798045
192948
182400
534118
797607
535774
816041
263361
798574
795114
192781
795871
191212
799049
231719
815924
795866
794432
540342
227838
240354
795093
619976
9792
795851
189816
263223
105499
788828
854279
799455
795070
190203
190585
798125
795828
795820
816515
788919
191460
260629
260549
798107
627804
614949
795779
260526
143167
592860
260122
228652
191457
10549
627659
615081
788982
209499
794569
789060
193457
245774
179497
794312
192208
627253
627236
550122
143192
797383
550213
794421
795746
240451
257918
189507
257755
105321
192064
816722
182312
257447
182310
193469
190520
105292
799433
191238
816424
612449
189897
245517
232359
797678
794597
550890
795030
192073
794964
257204
795013
798092
179500
229014
190501
795699
799430
816505
234576
145927
795697
256857
256846
193372
626672
626558
794338
797845
180634
791335
192992
217794
189778
791344
797441
610945
795666
816069
229491
798081
796986
191030
795645
9943
191027
192528
303449
9940
192831
190473
9939
9921
816762
791372
9920
796955
189555
193100
229950
192207
189829
190254
191018
191243
180390
191918
816495
188419
129940
219502
9950
188434
191065
798416
219358
193090
188415
188444
219326
229960
794860
240616
121175
794869
552565
299281
120705
193087
105279
612292
299095
611223
188409
192265
192655
676929
188403
192398
626059
298783
311169
798628
797015
678214
120670
794848
680202
312596
173311
192597
191084
791446
681608
240621
552845
176235
316008
613996
797515
796908
95623
611626
791485
791487
188455
190987
796903
296906
797019
191565
296870
794843
816634
190251
211288
188383
320465
613974
797941
707547
815699
192835
816626
130170
794466
708094
553210
190032
192436
130234
715310
188374
188456
190454
798636
182265
236174
120148
797838
191867
190970
796859
795598
722258
660268
179549
657395
189791
9637
295290
854949
798071
797045
255030
190959
175324
791592
795593
190951
192468
619049
815560
795588
294485
130328
794818
816624
795587
796834
221815
192465
750419
232366
750632
757024
795584
794469
797916
822564
815983
767125
104970
211517
795583
797523
180116
775545
791636
791647
779117
104945
795570
335260
784053
794480
335273
335561
189566
293790
188339
784085
784098
190019
795557
816368
337756
816620
784111
338491
210879
644427
784123
798394
341459
192476
191847
555317
190068
815729
858365
342890
797525
254346
784147
642359
815985
192090
640133
293496
236162
796784
190937
190930
816276
230455
784165
797067
348580
614246
10037
222108
191105
236135
816619
188467
290733
784193
816613
784198
784205
222340
611270
796764
289776
189577
555878
795508
555887
815536
815738
612127
613624
784254
795507
356458
356510
796752
357033
816608
288731
815742
816040
784272
9115
189879
179559
358648
795492
359050
359090
193179
784291
795488
784295
794793
784316
191814
784328
784337
191108
784341
191387
287234
555986
192452
188505
363987
173769
222775
218759
243447
791717
784353
192270
191110
365845
794488
791721
367332
134740
287079
134741
795480
795479
176762
784368
794049
217308
253577
556278
192731
556286
368671
134822
232855
794051
784414
816595
286702
784416
842896
795467
784417
190008
842981
819783
795454
784428
636622
193191
784433
134829
191781
797080
190072
179652
373289
253573
234678
617313
858507
190883
636316
217346
636276
115933
784473
115932
253559
192448
237461
105259
237539
189591
283727
797948
795440
173768
794377
105231
794078
115930
237575
240813
206491
795408
192974
10637
283623
384101
797103
798637
190873
188257
798515
794095
191527
253450
192858
795402
816484
635407
134895
618043
8275
192252
614500
815755
795401
784514
611556
616976
618122
798344
230714
190799
815768
784524
191524
244960
624260
799253
784536
192183
191521
192727
191140
188245
557082
794119
134914
192444
406748
224531
134919
784548
192274
191301
187980
816282
816726
134951
212271
187550
192862
407403
794130
9643
799224
784562
815387
188532
215627
784571
409068
794131
815777
9709
135052
799196
237748
241711
615395
784601
614556
796571
283181
190782
795378
190779
784610
816235
192724
282264
623816
253191
224729
816405
224754
557709
244905
816227
795365
135399
135409
177562
796554
177563
557842
794908
794156
784628
799179
189687
798673
242219
190760
795361
785348
177565
785361
416310
281189
795359
281175
193061
189980
190411
615409
281069
280812
135661
402504
313749
506427
837905
816503
816672
816678
276093
816731
313077
215826
816670
193218
238474
238509
9551
816701
241738
252775
192112
191734
402534
426069
430559
435218
435497
558813
623598
190145
785371
785378
785379
785391
794914
795343
795347
796156
796490
796504
796510
796518
796520
179307
135433
797988
10203
10182
815381
815404
815611
815657
815836
816196
816239
816364
816543
816614
816622
225158
210704
622806
635405
784345
355707
794058
816517
794060
796766
298678
254936
784347
179429
179428
635490
298676
796776
190109
815477
796783
794080
254918
794081
192556
230446
784355
190491
784358
254342
9629
189805
191778
784370
179403
320348
796819
296797
254146
794109
296796
254128
190601
796833
794118
254008
254004
613101
331082
179381
794126
253443
794127
784389
622969
189781
253233
794138
617649
794143
796856
784396
253161
816552
179367
191841
784409
784411
796872
796875
179351
815971
179332
179331
9451
796891
794159
848890
192585
179328
796901
794166
296647
796904
628350
794171
815685
815690
628388
794182
178143
192594
794183
192598
796924
331077
188470
815976
191550
784429
296242
794195
794196
192662
190096
794202
177556
191989
189747
794216
7997
319255
177549
177518
564504
188463
794226
636255
796961
177485
628452
192665
852187
794231
192671
177450
784470
176891
176858
796977
188459
295379
815501
628473
214998
636348
189745
794247
636401
247873
794249
794253
190797
563317
794260
794262
794264
784491
623360
784509
190768
797009
176740
816606
822359
784512
8289
207427
294488
614717
294474
189729
231254
9612
190093
636816
618011
190657
579559
636967
176493
784542
636985
406921
784546
176236
815714
188428
190359
784554
293499
784557
293215
175604
190082
797066
816615
191996
784566
292863
192709
816616
815724
190339
628746
784576
794415
175307
8287
784583
794431
173782
173781
784586
794435
9560
173779
173774
216608
816623
807114
618146
794448
815395
173761
816008
244346
173751
794452
784597
797130
173750
190487
173743
794461
784600
613440
816021
816023
797144
637142
637143
815728
794478
173353
190322
784614
189691
784616
188390
784619
797160
794496
244095
794497
188389
784625
173127
192778
173103
173087
226838
637224
784633
192787
784635
226228
188387
243738
623670
289243
170602
230860
610848
785354
188831
794534
159225
159201
628884
794539
794542
815735
794545
191852
191858
288942
797221
637288
146001
226819
288022
190761
816042
217968
794582
190690
287400
329005
794594
637726
785382
192049
192819
637798
816635
799576
145524
192053
243472
794624
287082
794627
192839
190740
143757
287059
785389
192840
143749
192054
242955
143734
797291
794638
785390
9718
192056
316394
189684
225257
371478
143468
192842
785409
614886
637920
794674
284387
618488
143439
834829
328943
143416
794700
794701
567263
794705
328313
785424
785427
797365
316194
638002
143184
192849
613836
816638
618542
191865
623964
794769
794770
188792
142867
785441
142803
614930
192850
794783
785534
142345
142344
141879
816640
611177
141847
141755
797452
794790
794791
192854
797465
797466
797467
141657
192861
816051
794796
141311
785587
141303
799643
141099
141097
794800
140822
192866
191785
283548
638243
328091
816653
797527
283547
816054
794820
794821
816655
283545
574348
794828
624089
241775
794833
794834
241760
241747
139572
794837
638402
188314
210873
139496
615119
283539
797605
816662
188791
191528
611247
797612
794857
825507
188771
786210
138535
189662
799580
283536
192888
816079
228357
135644
614040
192890
191622
786264
283522
135570
794881
215802
797681
192903
283521
188294
188288
618897
794899
629454
135474
794904
786295
211121
794909
815411
786356
240909
794917
283519
240901
797717
797719
240866
135350
794920
240859
797730
6878
135145
240858
240851
611287
786374
794926
135115
629514
190028
786393
222658
240826
191705
192071
794937
283207
615270
134950
134931
189641
283200
134908
192924
815512
624531
282270
629622
797829
281952
134862
223040
629647
624559
192941
815412
222035
281932
192947
134828
191562
281284
192078
586387
647843
134791
134773
786465
192951
9702
611589
134742
190016
797887
786503
797891
223263
803080
134739
240389
816727
619005
191880
134699
797905
192975
797907
281167
624666
795042
240211
786544
795052
614077
280752
648606
815764
134690
797920
795059
795063
192988
134663
580072
240035
786593
193001
382400
797932
786601
190296
816106
629820
192104
629826
130474
786647
828388
130456
130421
615482
192110
795127
795136
816698
130356
192114
786661
227841
371086
130295
786675
227699
130228
797964
193029
130217
190282
212653
797970
652463
238566
797976
238557
797979
238556
130121
238555
130117
193039
193041
629951
193051
225261
238041
130025
280229
237865
193069
786721
279464
795170
654291
129955
654293
402160
193083
615538
279220
190281
227538
190627
129869
655512
186433
795186
798021
786746
786755
191718
795200
121612
185939
615565
121350
237360
786791
786794
279012
121054
190280
226859
185928
223809
221691
786826
227514
191567
661551
190459
798056
120574
798058
816694
816121
120435
308541
120150
193098
225267
795242
193116
236995
193127
221048
189623
120123
563669
798077
786870
611745
193142
277443
798083
185397
664902
193146
786916
619483
220787
220769
795279
795282
619506
192148
798098
191602
189995
190276
193173
188757
798108
786948
277104
230850
115122
190274
798117
190457
795307
816125
227155
625447
667646
276670
189613
798131
787025
114919
798135
795325
193206
798140
378916
795327
787045
798147
191893
114206
184809
798152
193210
787050
236160
184808
837843
798159
798160
192168
229380
211295
795349
630522
668240
378850
235947
191905
114163
787100
192182
563399
189965
798176
798177
235883
235880
670219
114154
787157
193294
113315
630620
190733
113157
615965
799542
275802
625663
220220
275594
113069
362656
275296
815526
112507
795387
112424
274810
112341
787211
798215
675255
274670
211325
111902
193307
563326
189954
184734
787234
193308
798234
110497
192213
795411
190268
273069
184720
795423
227128
109319
108743
227123
105881
342012
105709
341925
226818
105588
787303
215927
795438
798265
611840
192218
798268
184695
616165
105327
272838
616211
787340
193323
816174
213871
795455
9438
798288
795464
798295
795465
625754
189936
795476
787370
787371
193339
104541
272686
816189
574868
104433
104405
104164
787385
798324
683835
272582
67159
816222
631015
33216
323348
33107
193344
798339
795509
787397
616261
184650
191921
304915
15056
10700
271527
193345
370255
193346
10688
798372
184619
369344
10679
795536
10662
304004
190679
10642
616345
219356
787507
10624
795552
337159
234808
234793
190677
10580
184577
189575
631235
234772
190443
234768
10563
10560
631314
795571
10553
795575
234764
795576
10538
270865
795579
795580
869811
192240
795582
563500
625869
229009
614230
189928
10491
335847
359927
787617
787626
816260
191793
631494
798464
815808
815355
192242
270557
234690
193400
184348
795623
795625
10356
193425
795626
704475
616411
798488
795629
816686
787654
798501
795633
230039
219207
270448
10258
10254
192248
321698
798514
219196
10231
10225
787663
815552
869815
184301
816763
10183
795662
215933
225513
10179
815553
611990
798613
184256
795671
708077
375981
795677
10173
193444
191819
189561
626002
303497
190442
616488
269118
233596
612029
10129
816725
795713
303456
10120
192263
10099
10093
10063
210323
787759
795728
795732
233465
592859
787778
798900
798901
9998
233314
592864
232939
193476
709345
225519
787789
798988
192268
799019
232779
795754
182677
799047
614305
203759
228904
632001
213898
188707
191309
191317
795771
182583
815556
816304
815819
787867
268241
182457
456890
393705
303443
191327
787899
191288
795804
191285
822653
718413
447676
460560
626152
795811
620007
447565
321157
191934
191272
464207
632072
182404
787953
464233
616579
214671
720862
620243
191254
302921
191247
191678
795847
795850
795852
795853
816790
616596
795864
467230
191245
720971
616693
795870
467892
788017
191241
632287
471289
722131
815564
788035
191233
616719
474339
9930
192291
189913
788056
192293
266953
266913
191221
816327
189912
788093
480868
302912
321149
816331
191208
480958
795929
795935
443759
182308
266791
795942
481941
191204
481967
620332
182306
482164
788154
788160
191194
189545
182305
795964
626485
406744
788225
182291
795982
484752
795983
191192
727818
788256
191347
816791
485083
626492
191185
796000
612224
191179
191177
190781
788322
796019
734735
443259
265498
226613
488889
796033
796036
788369
190612
488989
620498
191165
620517
191823
191164
491977
736433
191530
616895
189537
190187
493401
799228
182267
321142
375899
496553
496554
182264
816355
749694
359036
499025
499311
632613
750447
440249
190173
217893
505866
182254
796103
616945
507674
508490
508559
439685
612437
754139
510600
510601
436728
796112
191153
788571
788575
191149
191144
264990
796123
513192
754934
756715
815580
513670
788612
191134
632641
192297
401377
796146
191125
788654
816369
517419
225699
434422
190167
759684
302501
519706
796159
620984
182244
788731
182243
616977
763887
788747
796179
522518
796180
764045
816397
788770
189533
189525
189874
302374
621155
522662
788819
626909
617043
796209
617047
633032
816684
522942
767210
191378
264679
767220
767230
788886
796227
523927
192327
788890
302158
528343
796237
617078
528409
191095
189869
796250
191533
182212
531455
375896
430324
190150
189462
533870
796275
627178
191083
181404
393149
8090
192341
796291
627209
816723
816808
181395
633536
191069
191402
617245
539566
368657
229952
264073
321134
777726
789015
815608
627277
780108
543156
614485
816429
796356
232242
543608
191061
190426
796374
546432
546698
815609
181304
796387
784054
181301
191059
191962
421975
214149
181285
420589
212171
791058
548359
622205
189855
191055
816439
548456
548468
791089
796422
420128
418687
796425
181250
548668
191050
263676
191433
784067
181241
614495
190753
784077
784081
191048
416303
332783
791132
191450
192366
9567
796466
263360
791140
796477
633723
550703
550725
191032
796483
784096
263358
796496
796497
796503
799335
230571
413579
815882
784099
192368
784106
263332
791177
180769
784110
189854
551169
551341
816462
799575
551636
816683
190141
358431
190425
791242
796528
180663
192379
231726
815625
815886
791257
180620
191007
191969
784124
191764
552219
180565
180559
552272
791268
552327
552340
791273
816464
332236
784132
180490
231268
552487
192386
552567
552575
816466
791296
552664
791298
612928
784143
815626
784157
192395
552873
784164
815910
180331
791349
192406
190981
190132
791354
553314
617415
791367
622575
180166
553840
842088
815911
259943
553999
796583
410042
407401
872829
325120
816172
816659
816733
816291
649059
815802
815719
816507
816247
815680
815925
815641
815636
816154
816166
816098
816318
816210
816333
816242
815832
9467
9775
9784
9793
9794
9857
105407
179462
179494
179663
179678
179698
179713
179770
179779
179820
179838
179886
179990
180058
180084
188516
189820
189832
190386
190394
190604
190778
190859
190881
190889
190900
190908
190911
190916
190917
190942
190946
190948
191498
191501
191686
192414
192421
192425
192428
192450
192481
192493
206424
206623
210386
212275
214983
216611
229845
256063
257211
257257
258470
298985
331682
356710
392887
407347
408777
408851
408859
408862
409254
409747
409750
554412
555002
555202
555596
555792
555899
555906
556094
556322
556547
556601
556735
556739
556888
556937
556998
557422
557596
557604
557659
557856
558011
558662
560516
560537
560650
562665
562685
562780
563000
563097
564482
569348
584841
599886
614631
617590
622656
622690
627712
627731
627936
628105
634503
634553
634578
635087
648963
649048
784174
784204
784206
784210
784213
784219
784222
784241
784246
784247
784252
784268
784300
784336
791409
791528
791537
791610
791672
791674
791682
791706
791714
796603
796610
796611
796620
796633
796648
796653
796664
796668
796680
796689
796692
796709
796718
800477
815471
815508
815519
815584
815684
815727
815761
815780
815809
815872
815919
815945
815960
815970
815995
816019
816036
816037
816048
816062
816102
816105
816146
816178
816185
816202
816215
816248
816251
816254
816380
816491
816504
816516
816704
816789
825272
831203
872818
873587
784197
784200
815713
143448
143442
9815
784215
784216
143433
784221
815732
784233
784238
9801
143414
815744
623539
815752
784266
143406
784278
784285
784294
623495
815760
784311
784317
784326
623415
784330
833522
784340
784344
784346
623384
784350
623037
784356
784360
784367
622823
784380
784386
784387
784391
784392
622798
622756
784412
784419
622733
784436
622636
784445
784446
784455
784477
784478
784479
784480
784485
784487
622594
622589
784511
784519
784521
622583
784530
784532
622546
622216
784541
784543
622209
622193
784560
784572
784575
784588
784589
622101
784595
784598
784602
621936
621917
784615
784632
621747
621658
621622
621610
815766
620962
785360
620916
620779
620741
785369
620643
620372
620359
620313
785380
620281
143396
619992
619951
619948
815771
9795
619932
785395
785400
619920
619867
785412
785414
785419
619774
785422
619690
143363
815790
619664
785429
619663
619655
619644
619608
619559
143362
619475
143182
785568
143180
785589
619437
619056
785713
785787
785793
785859
619032
619029
786058
786069
786085
619011
834780
786218
786226
786232
786248
143139
786267
618993
143097
786326
815813
786362
143064
786381
786388
142801
786399
786414
786415
618948
786426
618931
618929
786445
618923
786448
786462
786464
835647
618845
786472
786473
142350
786524
786526
786530
618825
786537
141753
786546
786562
618727
786576
141089
618608
140788
618504
786625
786626
140634
618442
618300
140620
786671
140619
786687
786690
786706
618224
139543
786726
786728
786739
786740
786741
786743
786744
139501
837678
786762
786785
837836
9766
786797
618199
815903
618188
786840
786843
618162
617980
786852
617857
837840
617806
617696
786915
837841
786929
786932
617657
786939
786945
617617
815912
617562
617554
786983
617525
787001
787009
138649
787033
138539
617512
837842
787064
787076
787087
617462
815921
787102
787113
787131
136453
617442
787167
617425
787192
787196
617411
787210
135669
787215
787217
787224
815933
617333
787266
787267
617283
135612
617110
787311
787333
135558
616959
787352
787358
616848
9738
815949
616847
815951
787388
787393
787395
815954
787398
616819
616802
616570
616545
616513
616495
616447
815956
616407
616384
787517
616349
787547
787550
787558
616293
616103
787589
787596
787603
616082
837852
135475
615921
787629
615683
787635
787651
787652
815963
615672
787657
815967
615408
615290
615267
787694
787698
787719
787724
787728
787729
615245
787745
787753
787754
615130
615096
135405
614962
135130
787779
614889
837853
614874
787829
614819
614801
614800
815977
787884
614780
815980
787900
614743
787911
787926
787932
614686
787942
815990
614652
614643
614610
614607
614604
787999
614587
788012
788016
135082
614570
788030
788032
815993
788049
788055
815994
788070
837854
614554
788113
788131
788152
135070
134887
788198
788201
788216
134859
788248
9728
614483
788294
614480
816030
788336
614446
816032
788397
788412
614336
788430
788431
788433
788434
788451
788464
788485
788489
788493
788508
788519
788528
614311
788533
788548
614273
816034
9684
788588
788603
788609
838885
788622
788652
134833
788665
614269
614223
788727
134824
614198
788736
840403
788764
816049
788776
788780
788799
614135
788818
134823
614133
788842
788861
788865
614131
788869
788874
816052
841118
614117
788906
788909
614114
788929
788931
788937
788954
614106
614099
788969
788973
614008
614001
613757
613693
789014
134772
613682
789048
613597
789068
789074
613596
789080
613424
789092
816066
613256
791087
134743
791097
613207
791116
791122
613156
791125
816088
816092
613139
613109
791151
613067
791158
791166
816095
791192
791203
134738
791213
791218
791224
791237
134698
791243
612916
816101
612814
791262
791263
9676
134691
791275
791276
791289
7764
130589
791301
791305
791324
612045
816108
611971
816116
791363
130528
791369
611847
791377
791379
791380
791382
611798
611734
816120
611624
791425
611447
611210
791430
791447
791451
611167
791465
791469
610952
601139
791494
791495
601138
791515
791518
791520
130511
601137
791533
130400
791541
791550
791551
791566
600822
599080
791578
791595
599079
791600
791604
130339
791611
791620
599050
592868
791640
592867
130333
129817
791675
791676
592569
791680
129805
791684
9672
591749
129631
591741
590173
589731
794048
588260
586357
127560
585765
585759
794072
585705
585145
584847
794083
584106
794085
794093
583774
794098
581997
794103
579681
579562
794115
577417
816155
794135
121471
576544
794144
794145
575675
574883
574843
574463
573405
571901
570499
794178
569469
816168
121120
794184
569369
568977
568970
568958
568957
794198
565677
794206
564855
564436
564375
121037
794227
564235
794232
563377
563351
563282
563267
563201
794238
563200
816171
794248
115922
563179
794255
816175
9647
115914
563038
794269
562941
562893
562869
562825
562821
562769
562646
562630
560645
794302
560584
558795
558366
558270
557907
557892
794355
557889
794360
557848
794366
557831
557787
557408
557003
556941
556925
556916
556833
556805
556791
794397
556731
556718
794403
794408
794411
556712
556705
556657
556622
556571
556559
848568
556492
556483
556445
556396
794459
7756
794465
556267
556185
556144
555978
555943
555938
555921
555900
555885
555826
794501
794502
555708
794506
794509
555563
794515
555394
555287
794519
794523
555275
794532
555264
794544
816203
555142
794549
555061
554998
554750
554719
794564
554689
794570
554688
794587
554625
554414
794599
553869
553517
552831
552726
552705
552663
552628
552435
794634
552226
794643
794645
552209
552181
552097
552083
794661
552014
551964
551957
551535
115906
551157
551147
551129
551085
551064
551040
794709
794712
551034
551030
550847
550814
550796
550625
794762
550286
550257
550151
9638
794785
548572
794798
548504
816229
548492
548364
794809
548363
548339
816233
548314
794827
548173
816241
546958
546704
794846
546703
794850
794851
114975
794858
546701
794864
546431
543390
542870
541622
541618
541568
540292
539568
536637
794892
114824
536543
114213
794905
535899
794911
535792
872939
531458
9627
794921
794925
531421
530851
530837
530833
528373
816253
524946
794941
794944
523073
522965
522750
522744
522736
522735
522628
794970
522625
522620
522615
522608
522605
522603
794988
522600
794994
522511
794997
522490
520388
520382
795031
520381
520371
518065
517813
517416
517104
852841
517006
515780
795057
513666
114187
816264
513659
795066
795071
511439
510593
505953
505946
497367
795098
496564
795112
496562
496183
114171
816278
496158
795153
795156
795157
795158
795159
496033
795162
493399
492853
492703
491998
491997
795173
795174
490930
489151
489142
488904
488521
487311
795198
114162
486725
485088
795206
484867
484758
483123
483032
482944
795217
482524
795230
482241
482166
482160
481937
481936
481500
480925
795258
795260
480454
479398
473228
795267
467463
816287
113272
467218
467146
795291
466881
795296
466199
465172
460561
459140
458372
795305
113138
457394
456422
455749
454851
795318
453728
816303
795326
795331
450623
450617
447669
447552
447531
447471
9613
446703
446699
446457
446132
446121
795368
445040
795375
445034
445033
443488
795380
443487
795382
443482
795385
443275
795389
443268
443267
443135
443134
441412
113025
795412
434548
434537
816312
433253
433005
430801
427991
816316
426080
422762
795449
422340
422025
795453
418675
795459
795462
112518
416294
416232
413471
413456
413357
411106
795493
410894
410348
410339
410237
816322
409740
795512
409138
409132
408864
408858
795524
408524
407435
112027
407116
407057
795546
795549
405481
795555
402557
795561
402545
402445
9606
402178
111005
397490
396440
393152
795591
389304
795595
795596
389303
385232
385053
384738
381595
373397
372152
816346
795627
371479
371466
109748
371463
371388
371104
368764
368762
795649
368758
795661
109744
795667
368755
368664
855049
795672
368663
858401
795679
368662
368660
795695
368654
368650
368646
368644
368643
368638
816372
367544
366084
795724
365820
816373
816376
795733
365732
795738
365726
365723
365270
363919
9594
361507
359776
359238
358649
358647
816385
358039
795780
357095
795784
356703
355010
354812
795797
795802
795803
9574
353163
795808
795810
816399
795812
351895
351894
351576
348555
347232
346944
795835
795836
795838
346940
344380
816409
109738
816414
816418
344018
9554
342640
340254
816430
795873
339673
795878
335258
334959
334958
331663
331646
795894
331070
331061
330723
330415
329139
795909
795914
328931
326960
326959
105537
816434
326476
323493
860047
795947
323365
795951
795952
323363
795962
323352
816444
323350
322071
321712
321155
105284
816448
321154
795988
795994
816451
796009
321144
796012
816459
321139
321138
796030
105281
816461
796037
318920
318783
318117
318114
796053
317849
796062
317188
316498
315711
312604
312404
311847
310928
309838
309078
796082
308537
308126
796096
308040
863120
306805
796107
796110
816463
306411
796117
306044
9479
304466
796126
303819
796132
303818
303581
796142
863266
303580
303567
303455
303451
303447
816467
796162
302982
302930
302914
796172
302911
302156
816470
816478
302145
301619
300794
779715
779765
780086
840117
874299
779602
779750
797929
225463
797936
192747
192749
217550
192756
192757
192759
207282
225155
867309
217530
225143
225134
211515
225115
797996
797999
192786
192788
798009
798015
798020
192803
867310
192815
192816
192817
867720
798044
224785
192834
798054
798055
224758
868991
798062
211293
224730
206787
798082
798085
192844
192845
192846
798101
798103
798106
798112
224594
798116
206788
192852
798130
224552
869000
798146
798148
224520
816748
798154
224514
210867
798161
798163
224506
192868
224353
798172
224352
224351
798180
192872
104513
192873
192877
98083
210843
798193
798197
33291
798202
33110
33037
869779
32938
15504
192889
207218
210718
10690
798225
10683
206789
798236
10666
10658
10657
192904
192907
192910
223808
10631
798259
206820
207216
10568
206821
192916
10557
192922
223307
798305
192923
192927
191045
192934
192937
871981
798325
10524
10519
798330
872167
192946
10509
798346
10501
10500
798363
192953
10462
192956
10459
10431
222090
192958
192965
192968
10348
192986
10305
192994
10248
10211
798433
193003
10181
193005
193009
798449
193011
10159
6877
798467
193018
193023
193025
10124
10121
798485
193054
207217
193055
220935
10035
193077
10030
798545
798562
193091
798617
9977
210351
798711
798712
9970
193092
9962
210336
798754
9947
798780
9925
206822
193110
206824
193130
193131
193132
193143
193147
9888
193154
9872
193175
799135
193176
799139
206826
193181
799214
799266
206854
799282
193204
193205
206989
799399
193207
193216
219394
207183
219379
208380
193281
799609
799614
799617
193282
219238
799654
799668
800511
801537
801556
803648
805068
208168
807027
807551
809254
809642
809650
809651
809661
809667
809668
809859
814537
814612
219222
814616
193292
814621
815357
815360
815361
815363
815416
815431
193298
280819
281116
281158
191225
820439
191220
820367
282247
191210
282988
283214
283260
283514
283517
283520
283531
283533
283540
283605
283606
283607
283613
283617
283619
283629
283630
283634
284317
191207
284688
821846
285168
815476
285306
191200
219195
815496
287638
191171
289018
279049
815499
290452
191249
191163
291665
191162
191154
292776
293155
293487
293500
293501
821860
277441
293788
293798
293927
294487
295005
295014
295230
295257
295296
295380
277421
296431
296654
296671
296795
296810
296831
815503
296903
298682
298694
298696
298930
299147
299148
277011
191128
191263
815505
191122
191112
276674
219172
300488
191107
821862
191106
815511
191103
276663
191271
815514
191087
191082
191072
191276
191277
191071
815520
276056
191278
193302
191284
191066
191060
191056
815535
815542
191054
191051
191049
10539
191041
191040
191036
191033
191029
191024
191023
274780
191013
191005
191003
191001
193310
191291
190997
274374
191293
190994
190992
190986
190982
190980
190973
190964
272890
272708
190952
272706
815554
815566
193315
822789
272580
190940
271348
190939
190936
271313
207885
190923
190920
270740
815622
190913
270722
815630
190894
270554
190891
190888
190880
191335
190866
269786
269527
191344
191345
269165
190805
190795
190787
190786
815639
190784
191346
815640
9474
190772
268243
190759
190758
190757
190755
190750
190749
190747
191350
190744
824107
190739
190737
190736
815642
190721
268185
190720
190718
815646
268184
190704
268100
190691
824701
190668
190664
190663
190662
190658
190644
190642
190640
191357
191360
190624
190621
190620
190618
190617
815654
190614
190610
190607
190605
191364
191365
190598
191370
190591
191374
190580
190571
815661
190567
191383
267039
190550
218961
190531
190516
190494
193329
190490
190486
266830
266810
9431
190471
266534
190467
266511
190465
266503
815696
190458
826990
265841
265500
190450
815700
815702
193331
193332
190437
190436
190433
265497
265480
265057
264991
190421
264989
191389
191396
190399
827052
190391
190383
190377
191408
190371
190369
264711
264095
190300
190298
193342
191435
263824
190278
263602
191448
190266
190264
263203
830265
262501
191469
262100
190223
190221
190198
218620
190179
191475
191476
190166
190160
190148
260541
190147
190137
190130
190127
190126
830266
191489
191493
190121
260523
259948
190104
190100
190097
259385
193351
259127
191494
830355
258299
258248
190095
191495
191496
257662
191499
190086
190073
190070
257442
190063
190058
190057
190050
190048
190044
190041
190033
257262
190023
191509
193355
190012
190007
193362
190006
189999
189996
189988
257108
189963
830959
189931
189919
193364
189916
191513
191515
189896
189888
189887
189881
256858
189880
189873
189872
189864
189861
189860
191517
189858
189853
189847
189846
189840
189827
189823
189817
256720
191519
189794
256443
189776
189774
191522
193371
189735
831278
189719
189706
189701
831410
193375
256118
256115
831416
189695
256090
189693
191536
256023
255642
189686
255558
255550
255548
189681
255545
255125
831419
255058
193378
189674
254921
191543
189646
191553
189645
254463
254449
191555
189624
189616
193391
193399
191556
189599
623651
623654
623709
623713
623745
623817
623826
189586
623931
623936
623967
623982
624036
624065
624370
624421
624431
624478
624511
624571
624589
624616
624618
254142
624652
624669
189568
624827
624847
624860
624873
189556
625029
189553
625186
625351
625354
625361
189552
189550
625420
625485
189549
625507
625531
625573
625694
625717
625755
625781
625808
625820
625847
625903
625929
625982
191568
626023
626024
626039
626089
253461
626166
626194
626272
626304
626491
626504
626529
626624
626697
189504
189429
189398
626839
626847
189396
253435
253384
626900
626919
627031
627093
189365
189363
191572
627214
627234
627286
189341
627289
191574
627301
627384
627483
189330
189313
627647
627676
189312
189309
189305
253174
627803
627855
189303
627933
627946
627992
189095
628066
189006
252783
628148
189005
189001
628184
628287
188821
628489
628560
628574
628578
191577
191581
188802
628667
628676
628688
628708
628743
628765
191583
628787
628805
628829
191586
193404
628975
628987
191599
629065
188748
629110
629146
188747
629165
629219
629232
629249
629250
188726
629373
191608
188721
629496
249974
193408
191614
629677
188682
629720
188678
629722
218376
629733
629747
629839
629840
629952
191615
191616
629964
188666
630061
630067
630084
630087
630122
630136
630140
188665
249656
188660
630455
630469
630487
630498
630531
630551
249459
630629
630636
630793
191619
188616
630957
630965
631154
631157
248072
247980
193415
631193
631317
631329
631435
246943
631492
631504
631510
188536
631594
631689
631784
631792
631861
188534
631969
631988
632008
632057
632058
632087
632111
632130
632270
632302
632394
632413
207428
632443
632454
246626
188485
632575
188476
193429
632601
188471
632618
632622
632633
246612
632728
191648
632955
633004
633083
188465
633235
633340
191664
633514
633517
633538
188454
633695
633696
633759
633798
188446
633859
633946
191676
633989
634035
634273
634344
634420
634464
634468
634471
634540
634663
634701
193432
635067
188429
635178
635238
635386
245273
188423
635657
191683
635803
188404
188396
635969
191687
636095
245058
636175
636220
244997
636455
193453
636797
636822
636960
636995
636998
637060
191694
191698
637120
637137
637141
637193
637235
637246
637252
637257
637325
637515
637572
188367
637807
244331
637902
637904
244230
638021
188350
638052
638073
638098
638234
193455
244228
638257
638412
638420
638456
642811
642817
642935
643344
643725
188334
244202
191706
647731
647825
647826
647830
647836
647837
647838
647845
647846
647847
647849
647850
647852
647859
647860
648645
649019
649023
649049
650215
650347
650447
650450
244096
654290
654392
654561
655065
659213
661361
188320
664155
664271
188318
666578
666580
666581
666790
667415
191715
667599
668288
668313
668728
670271
671630
671723
671988
188308
675262
675283
188304
675664
676877
681602
682215
683382
691133
691135
691138
691143
691292
691309
693318
694846
696147
188300
696162
191726
191729
699361
699478
699482
699493
702084
191730
706321
708071
708430
708630
709217
709221
709226
709332
712809
716054
716908
191737
720796
720856
191739
720950
720970
721023
721307
243474
191745
732164
733846
733851
734746
734752
734755
737940
737946
740139
746996
750426
750635
754126
757045
757046
757684
760959
191772
242967
767035
767037
767052
767157
767232
188248
767238
191776
772762
188209
772796
191777
776209
779457
242672
779804
780113
784059
784060
784064
784071
784073
784083
784114
784116
784117
784120
784126
784130
784133
187554
784166
784167
784171
784177
784179
784181
784195
242667
242642
242641
187548
187547
191786
187057
191791
187056
242527
186436
186435
185940
191792
242328
218140
185909
185604
185568
242063
241772
185535
241744
241739
185504
185503
241735
787485
787499
191831
191832
191839
241569
241541
185380
193461
191861
816510
816541
240928
240925
240923
191862
240861
240835
185370
816544
185337
191866
816545
191869
191871
816559
240705
191878
191879
184806
193471
184803
816587
184781
240521
191886
193474
191906
240355
191912
184703
184702
184696
191919
816594
816598
240172
816601
240170
184658
191927
184642
191929
184613
191931
184612
191935
191946
191954
191958
816604
238581
184360
191971
191974
184312
816618
191977
207420
191978
191979
237640
237632
237627
191982
237580
191988
816630
237457
191992
182910
182780
182764
237453
191993
816633
816636
191994
237425
182709
237328
237324
237115
819417
192012
816645
192017
182441
192027
816649
816651
192028
816652
192031
816661
182364
192035
192036
203751
192044
816674
192045
192048
816679
819218
192051
203754
203757
192059
236214
236207
236127
192063
192067
816810
182280
236013
235939
182266
235890
192075
235886
182256
182253
182251
874544
816724
8284
203762
192079
182250
235801
192088
235611
235509
235503
182237
235493
235486
203763
182234
182232
182222
182213
816806
192118
192119
182206
192125
182205
192127
181386
235316
816736
235308
181328
192144
816737
181325
203767
206380
192162
234903
215371
192173
192176
181217
180933
180832
234769
180824
180775
234759
180680
180668
180667
215345
180655
234745
180643
180594
180592
192184
180557
215027
215023
180530
234722
234711
180516
206381
816803
180438
180373
180360
206383
207283
180332
180327
180300
215633
180251
192219
192220
180132
234475
192233
796187
796194
796200
234357
796206
796212
796213
206384
796221
180047
796224
215781
796231
796238
796244
796254
234346
796267
796269
234342
796286
796292
796304
796305
234113
234099
234068
179889
796370
179844
796388
179823
796408
206391
192244
206490
179817
796434
796443
796458
796482
233600
179777
179775
179773
179740
192253
179644
179619
233478
179589
179546
179532
796551
796555
233339
841088
841091
842573
780284
786846
875120
788098
840496
816745
816752
816765
816779
816785
816795
816799
796604
796605
796628
796643
796663
796670
796677
796693
796699
796730
796755
796775
796780
796791
796889
796902
796927
796946
796951
796956
796982
233318
232388
232383
232373
232365
231685
231267
230641
230453
230037
229687
229131
228940
228903
797031
797032
797033
228501
228470
228328
228209
228180
227665
227336
227146
227114
797048
227003
227002
227000
226985
226982
226972
226845
797063
226843
226410
226408
226261
226122
226121
226087
226077
226076
225873
797081
225724
225707
225701
225681
225676
225634
225586
225585
225541
797102
225537
225535
225522
797127
217771
217614
216393
214107
213895
213881
213865
213850
212992
212958
212925
212643
212629
212626
212618
212609
212434
212408
212392
212349
797185
212297
212186
212108
211663
797220
206760
797232
206695
206694
206689
206663
206662
206657
206656
206628
206626
206624
797307
797360
797400
797424
797442
797516
797546
192737
192725
797602
797603
192720
797609
797610
192698
192694
192693
192684
192681
192674
192672
192664
192652
192645
192591
192589
192584
192583
192575
192573
797669
192572
192570
192568
192567
192558
192541
797685
192538
192536
192532
192506
192502
192498
192483
192475
192471
192429
192418
192408
192388
192380
192378
192370
192348
192344
192343
192334
192321
192313
192307
192304
192296
192290
192285
192283
192280
797764
192264
797786
797868
797908
797909
797912
797913
797915
874828
179496
179488
179484
179466
179454
179443
179431
179415
179409
179404
179401
179391
179373
864294
179361
179355
179341
179321
179310
864614
177570
177561
866225
177559
177554
177551
866957
177486
177451
176791
176775
176773
176771
176768
176767
176766
176764
176763
176758
176757
176755
176746
176739
176738
176737
176736
176735
176732
176730
176727
176724
176242
176237
176234
175738
175693
173825
173822
173820
173767
173762
173744
173409
173388
173377
173367
173365
173300
173286
173143
172939
172929
171019
169322
159454
159425
159235
159026
158990
158752
158348
157951
867307
157284
147893
147754
145981
145980
867308
145931
145926
145922
145921
145919
145915
145912
145911
145844
145533
145522
145513
143759
143758
143753
143750
143706
143702
143529
143483
143480
143478
143470
143467
143454
